57
42
14
35
63
32
49
12
87
50
64
82
42
98
65
33
31
95
8
93
93
40
7
98
37
91
79
16
66
31
55
57
2
61
36
1
43
47
46
4
18
83
33
17
70
76
92
1
71
4
80
9
6
61
22
71
56
14
53
48
88
68
67
26
15
30
43
92
38
21
19
73
66
15
77
2
72
51
31
53
26
53
69
30
8
85
94
68
2
59
99
92
17
22
62
27
82
1
44
48
67
14
34
28
51
60
63
15
77
60
37
8
40
1
56
35
63
10
41
89
40
23
8
49
20
13
78
8
42
96
72
83
6
76
90
25
50
62
23
17
100
49
24
44
30
87
34
2
85
56
23
14
55
77
56
81
4
12
91
71
86
99
82
6
90
30
62
43
86
20
66
9
99
73
58
32
7
80
62
19
33
74
58
71
57
88
58
30
56
34
13
94
81
49
14
45
12
18
92
17
41
3
59
96
23
8
32
9
100
41
28
78
76
1
50
15
22
56
53
82
35
24
47
81
54
70
30
33
26
20
66
43
28
86
12
62
100
2
45
96
60
73
94
1
87
36
58
96
20
13
26
84
13
93
82
26
36
54
7
9
2
52
71
50
86
74
65
23
100
23
67
39
39
98
98
83
54
46
26
85
14
79
69
11
32
3
98
100
80
5
71
6
17
27
18
68
81
63
46
50
6
71
65
80
5
24
95
14
49
56
19
81
83
55
10
31
86
77
2
66
3
33
66
48
83
48
11
42
49
22
69
98
32
60
92
98
18
82
29
50
42
54
76
10
17
70
53
82
89
60
39
100
93
60
97
33
55
13
5
6
4
13
20
46
55
60
56
73
15
11
52
50
94
30
41
39
38
92
62
59
68
81
98
76
73
47
17
83
49
76
9
43
27
21
64
86
20
60
54
11
10
97
26
25
83
47
95
28
56
32
51
36
77
71
2
78
68
17
43
22
3
60
7
49
52
79
6
71
17
9
23
95
21
89
70
89
52
43
80
92
71
21
81
50
37
59
83
54
55
26
41
36
14
36
56
60
24
12
90
44
64
88
78
3
28
56
63
93
96
82
36
18
47
56
12
30
95
95
97
58
7
91
5
19
73
2
31
50
27
10
70
56
9
97
15
98
39
17
18
45
26
51
66
6
21
18
87
63
76
94
9
91
82
86
97
10
29
32
44
40
41
89
66
3
9
67
21
52
9
14
89
33
52
24
32
58
52
95
37
28
12
89
23
100
60
53
18
89
36
58
17
94
83
40
85
87
60
51
93
49
95
39
93
1
59
62
66
84
1
51
42
7
13
90
67
73
13
97
15
90
65
53
97
3
25
91
66
24
14
3
65
28
74
63
41
4
54
63
84
27
45
31
19
56
57
45
71
51
83
64
59
87
1
81
42
14
60
86
36
41
59
1
39
99
75
73
21
64
82
55
45
45
52
63
40
13
29
84
29
13
13
37
11
80
30
32
17
76
35
36
41
79
29
85
31
75
75
77
89
44
58
35
82
70
23
31
4
54
60
47
95
87
83
20
23
6
83
19
88
99
99
70
46
52
94
2
90
57
71
99
55
92
85
4
85
76
67
93
97
19
26
16
75
67
86
3
63
58
14
76
76
43
20
36
45
77
19
78
31
95
53
33
21
18
66
44
13
45
26
18
28
93
26
21
93
92
63
15
37
16
25
35
78
90
80
11
74
5
75
45
69
84
12
85
93
86
15
29
35
76
31
33
30
29
46
34
76
60
30
59
73
93
80
70
93
75
14
17
28
56
62
86
55
89
65
34
7
37
15
71
16
88
38
31
82
80
98
69
88
3
62
47
83
86
43
51
7
98
68
36
40
3
8
44
53
40
44
39
79
98
12
87
88
38
97
71
45
75
12
5
69
53
20
85
82
74
34
62
79
22
67
64
96
18
39
44
60
52
58
96
82
96
13
26
55
83
63
21
74
41
62
91
100
49
74
24
78
80
94
34
72
60
46
55
48
42
35
83
93
58
33
44
47
72
3
1
13
38
49
27
91
38
79
9
27
40
31
100
99
92
80
90
24
18
85
84
72
45
100
29
98
99
98
94
63
64
53
24
27
10
13
69
6
76
31
36
8
53
20
80
16
9
58
59
59
92
16
21
72
58
37
21
34
67
11
86
53
66
40
44
84
35
3
83
1
3
26
34
35
8
49
23
19
97
86
66
18
64
61
27
83
19
38
19
7
46
73
34
6
77
46
85
80
57
64
50
43
74
25
51
34
65
39
68
42
97
50
12
21
71
