374
36
258
306
234
145
232
40
41
101
270
289
205
83
298
39
102
210
27
161
378
433
451
306
137
232
311
267
185
37
404
292
475
331
18
66
141
206
3
305
102
368
446
223
259
68
134
302
236
304
271
342
117
78
207
128
284
30
422
221
19
94
167
463
300
23
206
67
185
58
438
130
434
102
64
165
8
385
483
445
143
392
388
84
114
48
389
393
468
366
481
18
28
42
405
8
119
47
11
407
413
10
280
147
134
364
469
421
48
413
483
258
410
247
390
468
286
372
403
245
26
240
262
248
240
116
140
361
352
327
404
335
452
220
71
326
183
56
330
212
90
233
206
36
368
274
210
82
398
430
457
460
397
250
360
206
64
270
31
169
261
486
196
138
182
80
118
264
300
130
499
359
5
339
2
319
501
158
260
327
8
218
442
101
402
327
181
327
282
238
413
39
376
1
377
31
411
74
311
198
20
125
439
214
271
500
63
201
181
224
33
39
342
337
48
91
319
356
324
375
58
253
290
325
175
352
240
463
460
336
391
37
6
42
161
253
273
18
212
501
214
303
84
198
144
283
495
324
120
8
291
451
354
372
144
137
275
247
468
261
325
403
312
374
437
20
371
20
82
424
429
283
342
197
340
347
110
331
341
444
232
391
80
381
49
311
155
392
220
248
493
212
408
234
312
61
185
252
491
374
297
37
311
232
183
18
77
109
56
222
18
145
487
272
32
496
243
423
58
496
175
72
341
292
5
467
113
214
275
231
281
458
425
357
280
490
148
39
422
126
213
437
274
13
278
393
164
123
247
238
187
200
469
334
148
270
105
407
432
100
120
257
86
211
404
